1033
1043
1044
1061
1067
1068
1075
1100
1105
1106
1110
1115
1125
1126
1130
1150
1160
1161
1162
1165
1166
1225
1226
1240
1251
1252
1253
1258
1259
1260
1270
1325
1326
1327
1328
1335
1337
1340
1342
1345
1346
1355
1356
1410
1420
1425
1426
1430
1445
1450
1470
1471
1472
1500
1502
1505
1506
1507
1508
1511
1513
1514
1518
1521
1524
1533
1537
1543
1545
1546
1549
1552
1555
1558
1587
1588
1589
1591
1592
1593
1594
1595
1596
1601
1609
1612
1613
1614
1615
1616
1617
1628
1631
1648
1649
1650
1651
1653
1654
1655
1657
1661
1668
1673
1678
1682
1707
1713
1716
1718
1724
1727
1728
1730
1742
1758
1774
1781
1783
1790
1795
1819
1848
1912
1937
1946
1949
1957
1959
1960
1969
1976
1977
1981
1984
3001
3004
3005
3007
3008
3009
3012
3013
3014
3015
3016
3028
3029
3033
3048
3049
3052
3053
3054
3055
3073
3077
3078
3084
3085
3095
3096
3097
3098
3099
3100
3101
3102
3104
3106
3109
3111
3112
3115
3116
3120
3121
3123
3128
3129
3130
3131
3133
3134
3138
3140
3144
3145
3146
3148
3149
3158
3167
3169
3172
3175
3182
3184
3185
3200
3201
3202
3206
3207
3209
3215
3218
3219
3223
3230
3231
3232
3235
3237
3244
3245
3246
3253
3254
3257
3259
3273
3278
3283
3284
3289
3296
3304
3305
3306
3307
3310
3317
3321
3328
3338
3340
3350
3351
3352
3353
3355
3358
3366
3371
3372
3374
3377
3379
3380
3383
3384
3385
3386
3388
3389
3391
3392
3395
3397
3398
3399
3400
3402
3405
3409
3413
3418
3421
3425
3426
3428
3429
3438
3439
3440
3444
3445
3457
3458
3459
3461
3465
3466
3473
3477
3478
3481
3486
3491
3494
3495
3496
3498
3501
3504
3506
3508
3510
3511
3514
3516
3520
3528
3529
3533
3542
3543
3544
3546
3551
3554
3555
3560
3566
3567
3568
3572
3574
3579
3580
3585
3589
3590
3591
3592
3602
3605
3608
3616
3621
3627
3630
3638
3640
3641
3642
3644
3646
3648
3650
3651
3652
3655
3660
3665
3669
3684
3687
3692
3706
3707
3715
3721
3725
3729
3734
3737
3743
3744
3745
3748
3750
3751
3754
3765
3766
3772
3786
3788
3799
3802
3804
3805
3812
3815
3821
3832
3833
3837
3838
3844
3845
3847
3848
3849
3850
3851
3852
3853
3864
3866
3870
3871
3878
3881
3883
3884
3885
3889
3892
3895
3901
3902
3903
3907
3914
3916
3923
3929
3930
3931
3940
3945
3953
3956
3957
3960
3963
3967
3970
3972
3975
3978
3979
3984
3987
3991
3993
3995
3996
4101
4102
4111
4112
4113
4121
4122
4123
4124
4131
4132
4134
4141
4142
4185
4186
4191
4192
4193
4194
4195
4196
4199
4216
4221
4241
4245
4250
4251
4268
4270
4310
4317
4318
4341
4352
4380
4390
4395
4399
4400
4504
4506
4517
4526
4611
4617
4711
4874
4890
4891
4896
4900
4901
4902
4903
4904
4905
4906
4908
4912
4913
4915
4916
4930
4931
4950
4952
4970
4971
4972
4973
5100
5102
5212
5219
5222
5300
5310
5311
5312
5313
5314
5315
5316
5317
5323
5324
5325
5332
5333
5344
5346
5359
5383
5396
5418
5424
5429
5515
5800
5801
5802
5805
5808
5815
5835
5836
5848
5867
5872
5891
6016
6110
6112
6115
6116
6117
6119
6120
6124
6130
6137
6141
6164
6166
6168
6170
6171
6172
6173
6174
6177
6178
6180
6181
6182
6183
6184
6185
6190
6191
6192
6193
6821
6828
6832
6834
6841
6848
6858
6861
6866
7115
7150
7151
7160
7161
7162
7163
7164
7200
7470
7478
7522
7600
7837
7856
7920
7921
7922
7923
7924
7925
7926
7927
7999
8004
8005
8006
8007
8065
8100
8101
8150
8151
8154
8160
8163
8171
8172
8214
8223
8229
8237
8239
8240
8242
8245
8247
8260
8268
8281
8285
8288
8301
8500
8501
8502
8503
8504
8517
8518
8519
8520
8522
8523
8524
8525
8526
8527
8528
8529
8530
8531
8532
8533
8534
8535
8611
8612
8741
8810
8811
8812
8813
8814
8816
8817
10105
10108
10111
10112
10113
10114
10121
10123
10156
10221
10223
10510
10515
10521
10523
10531
10533
10542
10555
10556
10575
10610
10655
10760
10770
10785
10801
10802
10818
10823
10824
10827
10906
11051
11054
11055
11056
11057
11100
11121
11122
11123
11126
11131
11141
11142
11151
11152
11153
11160
11161
11163
11182
11183
11186
12114
12115
12423
12800
12802
12813
12834
12846
12851
12857
12872
13006
13024
13027
13042
13043
13060
13062
13102
13109
13119
13144
13199
13209
13234
13238
13243
13246
13260
13288
13289
13321
13322
13369
13453
13535
13540
13546
13601
13608
13627
13633
13634
13647
13653
13674
13682
13683
13739
13745
13805
13808
13816
13821
13850
13854
13873
13876
13881
13889
13904
13905
13909
13913
13922
13927
13941
13945
13946
13950
13951
13952
13953
14000
14100
14101
14108
14117
14151
14175
14211
14242
14252
14261
14264
14301
14398
14450
14451
14452
14453
14454
14455
14456
14549
14550
14551
14627
14628
14669
14736
14763
14765
14885
14922
14979
14980
14981
14982
14983
14984
14985
14986
14987
14988
15005
15020
15034
15040
15044
15059
15100
15101
15104
15108
15115
15116
15119
15135
15187
15200
15211
15300
15302
15309
15311
15313
15314
15318
15323
15329
15330
15331
15332
15335
15340
15345
15346
15347
15352
15423
15647
15660
15754
15780
15782
15785
15786
15787
15789
15790
15809
15833
15900
15903
15910
15911
15984
16010
16020
16050
16103
16106
16112
16114
16121
16125
16128
16129
16134
16136
16304
16306
16334
16342
16347
16350
16352
16367
16371
16403
16427
16430
16433
16510
16513
16808
16809
16814
16821
16823
16838
16841
16863
16873
16875
16903
16907
16924
17004
17078
17109
17110
17118
17122
17132
17139
17172
17182
17218
17220
17224
17225
17228
17229
17230
17232
17240
17264
17274
17279
17338
17405
17411
17549
17608
17721
17722
17723
17805
17820
17826
17840
17841
17843
17848
17876
17898
17928
17929
17955
18102
18106
18114
18117
18810
18819
18832
18913
19168
19170
19176
19196
19223
19224
19318
19420
19425
19700
19711
19814
19815
19822
19870
19950
20120
20123
20148
20195
20365
20446
20464
20480
20535
20597
20609
20611
20612
20613
20614
20666
20724
20727
20741
21106
21200
21201
21202
21210
21211
21222
21245
21250
21286
21338
21339
21348
21350
21352
21353
21452
21453
21515
21631
21632
21832
21882
21917
21935
21940
21943
21948
21950
21951
21952
21990
21991
22727
22735
22816
22877
23107
23108
23111
23113
23120
23121
23125
23302
23303
23308
23310
23317
23318
23323
23328
23351
23403
23515
23520
23603
23821
23889
23941
23950
23951
23961
23966
24147
24173
24185
24194
24198
24223
24224
24225
24231
24232
24247
24266
24305
24337
24339
24341
24342
24343
24344
24418
24434
24437
24503
24807
24840
24854
24866
24876
24890
24894
24898
24929
24934
24941
25007
25008
25009
25010
25011
25012
25107
25108
25109
25123
25135
25140
25144
25145
25150
25201
25204
25207
25212
25231
25232
25307
25353
25354
25405
25413
25416
25426
25718
25719
25804
25828
25834
25843
25859
25860
25866
25903
26016
26027
26028
26114
26117
26120
26128
26132
26140
26141
26623
26701
26704
26916
27020
27031
27039
27056
27059
27061
27071
27909
28100
28102
28107
28117
28118
28202
28203
28206
28213
28216
28218
28219
28222
28223
28256
28257
28258
28308
28309
28319
28322
28344
28447
28512
28513
28616
28801
28841
28846
28867
29012
29014
29016
29017
29018
29020
29023
29113
29121
29147
29150
29164
29165
29175
29241
29315
29332
29365
29626
29815
29824
29835
29864
29875
29888
29910
29956
29966
29981
30124
30900
30913
30914
30920
31000
31001
31002
31003
31004
31006
31007
31010
31011
31017
31018
31019
31020
31021
31022
31023
31024
31025
31028
31030
31031
31037
31038
31039
31040
31041
31042
31043
31044
31045
31050
31051
31057
31058
31059
31060
31061
31062
31063
31064
31065
31070
31071
31077
31078
31079
31080
31081
31082
31083
31097
31098
31099
31100
31101
31102
31103
31104
31105
31106
31107
31117
31118
31119
31120
31121
31122
31123
31124
31125
31126
31127
31129
31130
31131
31135
31136
31137
31138
31139
31140
31141
31142
31143
31150
31160
31180
31181
31191
31192
32025
32027
32028
32145
32155
32165
32214
32215
32700
32701
32809
32999
33500
33501
33502
33503
33504
33506
34006
34007
34010
34011
34013
34014
34015
34016
34018
34019
34034
34045
34047
34051
34055
34057
34058
34063
34064
34065
34072
34073
34074
34075
34077
34078
34083
34084
34085
34086
34087
34088
34089
34092
34094
34095
34098
34101
34104
34105
34106
34107
34110
34111
34113
34114
34115
34116
34119
34120
34121
34122
34124
34128
34134
34135
34139
34140
34144
34148
34149
34150
34154
34157
34158
34160
34162
34164
34166
34168
34170
34178
34179
34183
34188
34189
34191
34193
34194
34195
34199
34201
34202
34203
34204
34205
34206
34207
34208
34209
34210
34211
34225
34226
34229
34230
34233
34234
34238
34243
34247
34248
34252
34253
34255
34257
34260
34268
34269
34270
34273
34274
34277
34279
34280
34283
34288
34293
34294
34296
34297
34300
34303
34304
34305
34307
34309
34311
34312
34316
34317
34318
34319
34323
34324
34327
34334
34335
34336
34344
34345
34348
34350
34353
34354
34356
34357
34360
34363
34367
34368
34369
34371
34378
34379
34380
34381
34385
34386
34387
34388
34390
34391
34392
34399
34400
34401
34402
34404
34405
34406
34407
34409
34411
34413
34415
34420
34422
34428
34430
34435
34440
34441
34442
34443
34444
34445
34452
34453
34456
34457
34468
34478
34485
34494
34498
34503
34526
34531
34536
34555
34556
34562
34569
34585
34586
34589
34590
34594
34598
34602
34607
34638
34649
34805
34814
34815
34826
34829
34837
34852
34860
34861
34866
34877
34885
34886
34887
34888
34891
34896
34906
34919
34922
34930
34932
34935
34939
34940
34944
34954
34956
34960
34965
34966
34967
34980
34984
34988
34991
34995
35110
35123
35124
35129
35131
35136
35141
35142
35144
35145
35146
35148
35149
35150
35151
35152
35155
35202
35203
35231
35234
35528
35529
35530
35557
35575
35577
35832
35834
35836
35837
35838
35839
35899
36450
36609
36610
36612
36613
36617
36621
36627
36638
36639
36640
36644
36647
36650
36810
36811
36918
36921
36925
36940
37015
37212
37214
37277
37278
37310
37311
37312
37400
37401
37404
37408
37500
37501
37502
37503
37504
37505
37800
37801
37803
37805
37806
37814
37815
37818
37820
37821
37831
37832
37833
37835
37836
37845
37847
37848
37849
37851
37854
37855
37856
37857
37858
37859
37863
37864
37868
37870
37871
37873
37874
37877
37879
37883
37886
37888
37889
37890
37891
37892
37893
37897
37898
37900
37910
37911
37919
37926
37930
37932
37933
37936
37937
37939
37945
37961
37962
37963
37969
37971
37972
37979
37980
37981
37983
37987
37988
37989
37990
37992
37998
38002
38004
38005
38006
38007
38008
38009
38010
38011
38013
38014
38015
38016
38017
38021
38028
38042
38072
38073
38075
38076
38077
38083
38084
38090
38100
38101
38102
38104
38112
38115
38116
38117
38121
38123
38124
38126
38127
38139
38149
38157
38159
38166
38180
38188
38201
38202
38205
38206
38207
38208
38216
38257
38272
38371
38373
38406
38409
38422
38454
38455
38460
38461
38522
38524
38525
38545
38605
38607
38608
38610
38611
38620
38800
38804
38807
38809
38814
38818
38821
38824
38825
38845
38854
38882
38890
38931
38950
38951
38952
39007
39015
39016
39044
39045
39053
39056
39076
39100
39127
39140
39189
39204
39209
39210
39215
39220
39252
39261
39274
39307
39317
39340
39368
39397
39478
39479
39484
39485
39486
39487
39488
39489
39490
39491
39492
39493
39494
39495
39496
39497
39715
39716
39717
39719
39720
39802
39811
39821
39838
39856
39895
40051
40102
40104
40107
40109
40111
40112
40115
40116
40123
40124
40127
40130
40206
40221
40252
40257
40323
40332
40340
40352
40358
40367
40381
40393
40415
40421
40422
40451
40481
40582
40599
40615
40650
40652
40653
40681
40703
40705
40709
40712
40732
40733
40752
40765
40766
40770
40771
40811
40827
40831
40834
40836
40837
40847
40850
40860
40868
40870
40903
40908
40941
40942
40944
40953
40957
40959
40965
40968
40969
40973
40976
40977
40978
40979
40981
40983
40984
40985
40992
40993
40994
40995
40996
40997
41006
41108
41126
41127
41208
41220
41229
41236
41253
41265
41343
41344
41356
41532
41799
41802
41809
41825
41845
42105
42315
42413
42501
42653
42655
42656
42822
42823
42844
42915
43105
43107
43108
43110
43111
43112
43116
43156
43157
43171
43201
43211
43217
43248
43303
43306
43414
43429
43477
43491
43504
43507
43509
43511
43513
43514
43523
43526
43548
43555
43574
43578
43583
43617
43626
43684
43702
43705
43763
43777
43814
43821
43851
43858
43876
43905
43942
43950
43991
43996
43999
44133
44137
44144
44155
44156
44157
44161
44170
44180
44254
44256
44257
44300
44303
44309
44310
44312
44324
44357
44580
44581
44732
44737
44817
44824
44842
44956
44971
44973
44999
45108
45142
45146
45158
45160
45164
45175
45223
45229
45232
45238
45353
45418
45829
45834
45845
45851
45861
46010
46011
46015
46016
46017
46018
46019
46021
46022
46023
46031
46033
46034
46035
46101
46102
46103
46105
46106
46109
46113
46114
46123
46125
46127
46132
46138
46140
46142
46155
46160
46174
46219
46225
46307
46308
46313
46316
46320
46333
46411
46515
46519
46529
46556
46600
46601
46603
46666
46700
46806
46807
46808
46810
46825
46922
46923
46928
46930
46931
46943
46953
46955
46992
46995
46999
47711
47712
47715
47716
47717
47719
47721
47722
47723
47724
48045
48047
48071
48087
48130
48134
48140
48141
48148
48149
48163
48164
48173
48191
48203
48207
48221
48245
48319
48328
48455
48457
48523
48527
48530
48531
48534
48612
48676
48719
48720
48760
48772
48775
48776
48780
48785
48787
48788
48797
48799
48800
48801
48802
48807
48808
48834
48840
48859
48861
48862
48867
48870
48871
48872
48884
48885
48886
48890
48892
48895
48913
48990
49600
49601
49602
49604
49605
49606
49607
49608
49609
49610
49611
49613
49614
49660
49664
49666
49667
49671
49674
49677
49678
49680
49682
49683
49684
49685
49698
49699
49700
49701
49702
49800
49801
49804
49805
49807
49810
49812
49814
49815
49816
49822
49825
49827
49828
49834
49835
49854
49873
49883
49897
50000
50003
50010
50014
50019
50040
50043
50045
50053
50055
50056
50060
50062
50065
50066
50067
50068
50069
50070
50073
50074
50076
50082
50083
50097
50102
50110
50112
50117
50118
50120
50122
50123
50125
50128
50129
50131
50132
50133
50134
50135
50137
50199
50200
50211
50224
50230
50259
50263
50268
50270
50271
50272
50275
50276
50277
50283
50292
50306
50317
50324
50325
50334
50336
50337
50400
50403
50408
50425
50482
50500
50515
50525
50530
50651
50652
50700
50707
50754
50755
50768
50781
50795
50812
50817
50860
50871
50888
50894
50900
50921
50930
50942
50950
50952
50972
50974
50981
50987
50999
51002
51033
51034
51100
51101
51102
51103
51106
51109
51110
51113
51114
51117
51119
51122
51123
51125
51126
51127
51128
51129
51130
51131
51132
51133
51134
51135
51151
51152
51153
51160
51161
51167
51181
51201
51202
51205
51207
51301
51307
51349
51389
51405
51407
51415
51503
51504
51505
51510
51513
51515
51516
51517
51525
51526
51527
51529
51531
51534
51535
51536
51539
51540
51541
51544
51549
51554
51562
51564
51567
51572
51579
51600
51605
51606
51608
51611
51622
51626
51631
51632
51633
51687
51689
51696
51697
51704
51707
51711
51714
51718
51723
51725
51726
51728
51731
51732
51735
51740
51752
51754
51764
51765
51767
51773
51776
51777
51778
51780
51787
51789
51795
51796
51798
51809
51810
51812
51819
51820
51821
51823
51825
51826
51839
51877
51879
51885
51886
51890
51895
51898
51899
51922
51923
51944
51953
51961
51963
51965
51966
51971
51972
51975
51982
51996
52000
52002
52003
52006
52015
52016
52017
52019
52020
52025
52028
52056
52111
52112
52113
52220
52221
52304
52307
52309
52311
52322
52324
52325
52411
52414
52415
52416
52418
52419
52525
52542
52568
52571
52640
52700
52710
52747
52801
52805
52817
52819
52830
52841
52850
52860
52877
52879
52937
52938
53059
53100
53101
53102
53103
53106
53107
53116
53119
53126
53150
53155
53156
53160
53162
53172
53254
53301
53302
53303
53304
53305
53307
53311
53317
53325
53329
53330
53331
53332
53336
53363
53366
53401
53404
53470
53511
53512
53514
53515
53516
53518
53526
53535
53536
53603
53610
53612
53615
53626
53628
53635
53637
53725
53804
53811
53830
53831
53838
53844
53845
53900
53907
53920
53922
53923
53930
53932
53950
53951
53971
54050
54100
54104
54105
54107
54108
54109
54110
54111
54113
54118
54121
54124
54125
54127
54129
54130
54131
54136
54138
54140
54200
54207
54211
54213
54214
54215
54222
54223
54225
54229
54230
54232
54233
54239
54243
54247
54251
54254
54255
54259
54260
54270
54277
54288
54300
54301
54307
54312
54316
54320
54330
54362
54391
54400
54401
54440
54441
54442
54443
54444
54445
54446
54448
54449
54607
54613
54619
54620
54636
54641
54642
54643
54644
54645
54651
54663
54664
54670
54671
54672
54675
54676
54677
54678
54679
54682
54684
54685
54692
54699
54700
54704
54705
54706
54707
54708
54709
54710
54714
54715
54717
54720
54721
54722
54724
54725
54726
54727
54728
54730
54731
54732
54733
54741
54745
54750
54777
54800
54812
54821
54835
54836
54859
54889
54904
54915
54921
55000
55003
55022
55102
55106
55107
55108
55110
55111
55112
55113
55115
55116
55117
55118
55119
55120
55124
55125
55130
55135
55223
55300
55301
55302
55305
55306
55308
55309
55311
55312
55314
55316
55317
55319
55321
55322
55337
55350
55354
55355
55360
55365
55370
55371
55402
55403
55404
55407
55408
55409
55413
55414
55415
55425
55431
55432
55503
55506
55507
55510
55512
55513
55515
55518
55523
55526
55527
55529
55531
55533
55534
55650
55661
55662
55680
55687
55696
55701
55702
55708
55709
55710
55713
55714
55717
55719
55720
55721
55724
55728
55733
55735
55736
55741
55743
55745
55746
55753
55754
55755
55766
55772
55775
55780
55781
55783
55793
55795
55796
55797
55802
55803
55804
55805
55807
55809
55810
55811
55812
55813
55814
55815
55817
55819
55821
55824
55827
55832
55838
55841
55842
55844
55846
55847
55850
55856
55857
55861
55865
55866
55867
55870
55871
55874
55876
55878
55879
55880
55889
55890
55891
55894
55895
55896
55900
55901
55902
55904
55905
55910
55913
55914
55916
55922
55933
55935
55937
55939
55941
55944
55945
55952
55954
55960
55961
55963
55965
55966
55968
55969
55970
55971
55976
55977
55978
55979
55982
55983
55986
55987
55988
55989
55990
55991
55993
55994
55996
55998
56001
56002
56003
56004
56005
56006
56007
56008
56021
56050
56059
56065
56073
56074
56076
56079
56080
56082
56087
56092
56100
56101
56103
56105
56106
56108
56112
56115
56117
56120
56122
56124
56137
56139
56142
56145
56146
56148
56149
56151
56153
56154
56155
56156
56161
56163
56169
56171
56174
56176
56179
56180
56181
56240
56253
56256
56258
56300
56303
56313
56325
56338
56366
56400
56410
56558
56575
56701
56705
56719
56800
56803
56808
56813
56828
56829
56831
56839
56851
56861
56865
56886
56890
56898
56938
56939
56942
56945
56952
56964
56968
56980
56985
56988
56989
56990
56991
56992
56996
57003
57010
57020
57102
57104
57107
57108
57117
57118
57121
57122
57128
57130
57133
57152
57253
57255
57257
57305
57307
57308
57311
57318
57322
57340
57341
57400
57466
57467
57468
57469
57493
57496
57497
57503
57505
57506
57509
57510
57517
57533
57552
57554
57555
57556
57569
57588
57600
57638
57654
57667
57671
57672
57705
57711
57735
57736
57750
57777
57783
57804
57805
57806
57807
57811
57812
57836
57838
57847
57849
57850
57851
57852
57853
57855
57858
57861
57866
57869
57874
57890
57893
57915
57916
57917
57921
57923
57944
57949
57958
57961
57963
57970
57971
57972
57977
57979
57981
57986
57987
57988
57989
57990
57997
57999
58009
58105
58106
58110
58111
58121
58133
58138
58222
58282
58284
58287
58291
58292
58295
58302
58303
58304
58307
58370
58386
58388
58395
58398
58399
58400
58402
58404
58406
58408
58410
58427
58436
58472
58474
58477
58480
58482
58485
58488
58500
58518
58530
58535
58550
58578
58596
58629
58696
58700
58701
58702
58714
58719
58727
58737
58744
58745
58747
58749
58750
58751
58757
58766
58789
58812
58823
58830
58844
58848
58895
58900
58901
58913
58916
58929
58930
58940
58944
59111
59420
59501
59502
59506
59507
59508
59509
59510
59511
59512
59514
59515
59516
59517
59527
59529
59531
59533
59535
59539
59540
59541
59542
59543
59605
59608
59612
59614
59615
59621
59624
59625
59627
59632
59636
59642
59644
59645
59646
59649
59654
59664
59703
59709
59713
59716
59720
59722
59726
59772
59777
59823
59825
59826
59827
59828
59855
59874
59903
59911
59912
59913
59914
59915
59918
59921
59922
59925
59928
59931
59933
59934
59937
59938
59939
59941
59943
59944
59956
59961
59963
59986
60844
61012
61050
61060
61101
61102
61103
61104
61105
61106
61110
61111
61113
61120
61200
61202
61203
61204
61205
61206
61207
61212
61213
61214
61216
61302
61307
61308
61313
61314
61315
61316
61317
61322
61324
61325
61606
61637
61729
61732
61771
61772
61774
61787
61794
61795
61797
61798
61800
61804
61805
61806
61807
61809
61814
61816
61818
61820
61824
61831
61840
61846
61850
61855
61870
61878
61880
61888
61901
61905
61913
61914
61917
61918
61921
61928
61930
61931
61933
61934
61935
61936
61937
61938
61939
61940
61941
61942
61943
61944
62000
62011
62029
62048
62050
62067
62075
62081
62089
62090
62100
62102
62104
62107
62108
62109
62110
62113
62114
62115
62116
62117
62118
62119
62120
62121
62122
62123
62124
62125
62129
62131
62133
62134
62143
62144
62156
62169
62193
62194
62198
62199
62201
62209
62210
62216
62222
62229
62232
62246
62251
62273
62284
62299
62301
62302
62303
62304
62305
62306
62308
62313
62314
62315
62316
62323
62324
62325
62330
62333
62342
62345
62351
62352
62359
62360
62363
62366
62368
62370
62373
62375
62383
62393
62394
62395
62396
62403
62404
62407
62410
62411
62412
62421
62424
62432
62440
62442
62446
62449
62453
62457
62458
62460
62469
62473
62474
62476
62490
62498
62501
62504
62507
62509
62516
62519
62521
62522
62529
62531
62543
62553
62554
62562
62565
62566
62569
62575
62577
62583
62585
62586
62591
62597
62602
62604
62605
62606
62607
62610
62611
62612
62613
62618
62619
62623
62627
62628
62629
62632
62634
62635
62637
62638
62643
62645
62649
62652
62657
62667
62669
62671
62676
62682
62693
62698
62699
62700
62702
62703
62712
62714
62721
62727
62728
62729
62733
62735
62740
62743
62745
62750
62752
62755
62756
62757
62763
62764
62766
62769
62774
62778
62780
62781
62783
62790
62793
62806
62810
62811
62817
62819
62822
62823
62826
62834
62835
62836
62837
62838
62839
62848
62849
62855
62858
62861
62869
62870
62871
62872
62873
62878
62879
62880
62883
62884
62885
62898
62900
62903
62907
62908
62913
62916
62917
62923
62924
62928
62932
62933
62944
62950
62951
62952
62957
62960
62962
62964
62967
62974
62978
62980
62981
62988
62989
62994
63001
63002
63004
63005
63006
63009
63011
63012
63014
63015
63021
63030
63031
63033
63050
63051
63052
63053
63054
63055
63056
63059
63063
63065
63068
63069
63070
63071
63072
63100
63102
63103
63104
63105
63106
63108
63109
63110
63111
63117
63614
63615
63616
63620
63621
63622
63628
63636
63701
63702
63705
63728
63858
63873
63961
63993
64000
64100
64101
64102
64104
64105
64106
64108
64112
64113
64115
64116
64119
64127
64128
64129
64133
64134
64135
64140
64141
64142
64150
64152
64153
64301
64304
64305
64310
64311
64312
64316
64317
64319
64320
64323
64324
64325
64327
64333
64607
64608
64610
64611
64614
64615
64616
64617
64621
64623
64626
64627
64632
64635
64637
64640
64643
64644
64648
64650
64651
64652
64653
64654
64655
64656
64657
64658
64659
64660
64661
64662
64663
64664
64665
64666
64667
64668
64669
64670
64671
64672
64673
64674
64704
64710
64715
64722
64723
64724
64725
64726
64727
64728
64729
64749
64760
64761
64801
64825
64831
64833
64838
64843
64847
64850
64854
64859
64860
64861
64862
64863
64866
64867
64869
64874
64878
64888
64891
64892
64893
65011
65012
65016
65017
65027
65028
65101
65124
65125
65126
65127
65128
65130
65131
65213
65214
65217
65219
65223
65224
65225
65300
65307
65308
65313
65320
65321
65322
65323
65324
65614
65618
65638
65639
65641
65646
65647
65648
65700
65701
65704
65705
65706
65707
65708
65710
65711
65712
65713
65714
65715
65717
65718
65719
65720
65721
65722
65723
65724
65726
65727
65728
65729
65730
65731
65732
65733
65734
65735
65736
65737
65738
65740
65741
65742
65743
65744
65745
65748
65749
65750
65751
65752
65753
65755
65756
65757
65758
65760
65761
65762
65763
65764
65765
65767
65768
65769
65770
65771
65772
65773
65774
65775
65776
65777
65778
65779
65780
65782
65783
65784
65785
65786
65787
65788
65789
65790
65792
65793
65794
65796
65797
65798
65799
65800
65801
65802
65804
65805
65806
65807
65808
65810
65811
65812
65814
65816
65817
65818
65820
65822
65823
65824
65827
65829
65831
65832
65833
65834
65835
65836
65840
65842
65843
65845
65846
65847
65848
65849
65850
65851
65854
65856
65858
65860
65861
65862
65863
65864
65865
67001
67002
67003
67010
67099
67100
67101
67102
67109
67120
67121
67125
67128
67140
67200
67313
67315
67392
67398
67465
67466
67468
67500
67504
67506
67508
67509
67512
67515
67518
67519
67521
67523
67524
67528
67531
67534
67536
67537
67538
67539
67542
67546
67547
67553
67561
67562
67564
67568
67577
67579
67581
67594
67596
67601
67602
67603
67604
67607
67611
67613
67618
67619
67629
67646
67651
67653
67656
67658
67660
67664
67668
67669
67672
67676
67678
67684
67689
67691
67692
67705
67706
67717
67720
67731
67733
67734
67743
67748
67749
67765
67778
67779
67790
67801
67808
67809
67813
67814
67817
67819
67820
67822
67823
67826
67829
67831
67836
67838
67839
67843
67844
67845
67846
67848
67858
67859
67860
67861
67865
67874
67876
67877
67879
67882
67883
67887
67888
67890
67894
67896
67912
67913
67916
67924
67925
67927
67931
67933
67978
67980
67996
67999
68100
68101
68102
68103
68104
68105
68107
68109
68127
68128
68140
68200
68201
68202
68203
68204
68205
68206
68207
68208
69001
69003
69101
69102
69106
69107
69115
69117
69118
69120
69123
69128
69132
69134
69135
69149
69160
69161
69163
69166
69167
69173
69174
69301
69303
69304
69306
69311
69313
69314
69321
69322
69329
69330
69503
69522
69550
69601
69603
69605
69616
69617
69620
69625
69635
69639
69640
69656
69660
69667
69674
69691
69700
69702
69704
69708
69710
69788
69814
69820
69829
69834
69835
69854
69857
69866
69872
69875
69880
69881
69897
69902
69904
69913
69922
69950
69975
69990
69991
69993
69994
69995
69998
70102
70110
70302
70307
70311
70315
70316
70317
70326
70332
70333
70334
70356
70365
70417
70425
70511
70515
70525
70570
70603
70619
70650
70691
70700
70701
70702
70703
70712
70721
70812
70820
70849
70865
70910
70918
70920
70930
70938
70939
70940
70943
70945
71000
71004
71007
71010
71012
71013
71014
71015
71018
71019
71022
71023
71024
71025
71026
71028
71029
71031
71032
71033
71034
71044
71045
71048
71049
71050
71051
71052
71053
71054
71056
71057
71058
71061
71062
71065
71066
71067
71069
71070
71073
71074
71075
71077
71078
71079
71080
71081
71082
71083
71084
71085
71086
71091
71092
71095
71100
71101
71102
71104
71105
71106
71108
71109
71111
71112
71113
71117
71120
71121
71122
71123
71124
71126
71127
71130
71133
71135
71138
71140
71143
71144
71145
71148
71150
71153
71154
71157
71158
71159
71160
71163
71166
71167
71169
71170
71171
71174
71175
71180
71181
71183
71184
71187
71188
71189
71192
71193
71194
71195
71196
71197
71201
71202
71204
71207
71209
71210
71212
71213
71214
71215
71217
71218
71219
71220
71250
71251
71252
71253
71254
71255
71256
71259
71260
71264
71269
71273
71303
71304
71305
71312
71313
71316
71324
71325
71332
71335
71338
71339
71341
71342
71343
71344
71345
71346
71401
71402
71403
71406
71410
71413
71415
71417
71418
71421
71422
71424
71425
71426
71427
71428
71429
71430
71431
71432
71433
71434
71435
71436
71437
71441
71443
71445
71446
71447
71448
71449
71450
71451
71453
71454
71456
71459
71460
71461
71472
71476
71478
71479
71500
71501
71502
71503
71504
71505
71506
71507
71508
71509
71510
71515
71519
71523
71524
71527
71528
71530
71534
71601
71602
71604
71605
71609
71612
71613
71614
71615
71616
71617
71619
71620
71622
71625
71630
71631
71634
71701
71702
71704
71705
71706
71708
71709
71710
71715
71719
71720
71721
71723
71724
71726
71730
71731
71732
71733
71734
71736
71737
71738
71739
71740
71742
71744
71745
71747
71748
71751
71752
71753
71772
71802
71803
71804
71805
71806
71807
71808
71810
71811
71812
71813
71814
71816
71817
71818
71821
71822
71824
71825
71826
71832
71833
71835
71836
71838
71839
71840
71841
71844
71846
71851
71852
71854
71855
71900
71904
71906
71911
71915
71916
71917
71918
71921
71924
71927
71933
71936
71937
71938
71939
71940
71941
71950
71955
71959
71961
71962
71963
71965
71968
71973
71977
71985
71986
71987
71989
71990
71992
71996
71999
72101
72107
72110
72120
72121
72126
72128
72131
72140
72153
72154
72155
72156
72159
72160
72301
72320
72329
72332
72334
72336
72339
72340
72342
72343
72345
72346
72349
72350
72356
72362
72368
72369
72373
72390
72396
72398
72501
72520
72521
72524
72525
72526
72539
72541
72542
72585
72604
72623
72625
72639
72653
72665
72683
72701
72737
72738
72756
72920
72923
72940
72941
72956
72960
72964
72966
73260
73501
73502
73504
73507
73509
73510
73516
73518
73526
73534
73537
73538
73540
73542
73546
73548
73552
73554
73558
73559
73560
73561
73901
73903
73905
73907
73908
73911
73912
73914
73915
73920
73923
73925
73931
73933
73936
73937
73938
73939
73954
73955
73999
74100
74101
74102
74103
74104
74108
74109
74120
74122
74130
74132
74133
74140
74141
74142
74144
74150
74440
74441
74442
74443
74444
74445
74446
74447
74448
74449
74450
74451
74500
74501
74502
74503
74504
74701
74702
74703
74704
74705
74706
74707
74992
74993
74994
74995
74996
74997
75350
75351
75354
75356
75358
75360
75361
75362
75363
76001
76002
76052
76131
76222
76223
76224
76225
76250
76253
76254
76408
76417
76419
76420
76452
76549
76550
76551
76552
76553
76554
76555
76556
76558
76559
76560
76561
76562
76563
76628
76629
76631
76632
76634
76637
76639
76641
76689
76691
76701
76702
76711
76716
76724
76733
76741
76750
76752
76754
76759
76760
76761
76767
76900
76901
76903
76905
76908
76909
76913
76915
76920
76921
76922
76931
76937
76943
76944
76949
76952
76956
76957
76966
76967
76980
76989
76990
76991
76993
76995
76997
76998
76999
77090
77091
77099
77100
77101
77102
77110
77111
77114
77130
77131
77133
77134
77141
77142
77152
77154
77174
77303
77305
77307
77313
77315
77318
77320
77322
77331
77335
77336
77401
77412
77501
77508
77520
77523
77532
77542
77579
77594
77602
77603
77605
77606
77607
77609
77622
77634
77635
77656
77693
77695
77712
77728
77732
77740
77742
77800
77802
77805
77812
77819
77837
77844
77869
77871
77874
77891
77892
77899
77909
77915
77916
77929
77938
77951
77960
77961
77962
77964
77966
77972
77976
77977
77980
77981
77990
77991
78844
78852
78862
79317
79610
79611
79612
79613
79614
79617
79618
79619
80001
80003
80031
80032
80034
80035
80053
80077
80091
80100
80109
80111
80112
80114
80115
80116
80125
80127
80131
80132
80134
80135
80153
80154
80155
80157
80158
80177
80181
80200
80302
80306
80309
80312
80314
80320
80325
80415
80416
80417
80420
80421
80423
80424
80428
80430
80445
80446
80516
80517
80519
80520
80537
80539
80540
80541
80544
80545
80557
80564
80579
80585
80598
80599
80600
80601
80607
80608
80610
80615
80625
80637
80650
80654
80671
80679
80697
80699
80717
80738
80740
80744
80745
80756
80762
80765
80779
80787
80788
80789
80790
80806
80834
80841
80851
80870
80871
80872
80879
80884
80889
80899
80904
80906
80908
80915
80916
80918
80922
80931
80942
80943
80952
80978
80980
80986
80991
81803
81807
81808
81809
81817
81824
81839
81850
81852
81855
81880
81891
81892
82301
82304
82309
82314
82508
82515
82519
82609
82612
82653
82814
82830
82850
82851
82858
82867
82893
82901
82904
83002
83106
83296
83312
83313
83315
83320
83325
83326
83328
83335
83340
83394
83410
83412
83413
83414
83510
83511
83517
83519
83520
83535
83536
83537
83812
83836
83861
83876
83879
83880
83882
83888
83899
83908
83910
83911
83915
83922
83923
83931
83934
84000
84810
84827
84840
84865
85855
86840
86890
86899
86911
86918
88805
88819
88842
88854
88856
88858
88890
88895
88899
89110
89301
89309
89505
89703
90106
90604
90708
90820
90901
91102
91107
91110
91111
91112
91115
91117
91118
91120
91123
91124
91125
91127
91128
91129
91134
91135
91140
91141
91145
91162
91167
91168
91172
91174
91301
91305
91309
91313
91320
91321
91322
91323
91401
91411
91412
91413
91416
91420
91421
91422
91423
91424
91425
91426
91428
91431
91432
91433
91434
91435
91436
91437
91438
91439
91440
91441
91442
91445
91451
91453
91456
91500
91501
91502
91503
91504
91506
91507
91508
91509
91512
91513
91514
91515
91516
91517
91518
91519
91520
91521
91522
91524
91525
91526
91527
91528
91529
91530
91532
91535
91537
91539
91540
91541
91542
91543
91600
91605
91610
91611
91613
91615
91656
91662
91667
91672
91800
91801
91802
91803
91804
91805
91806
91807
91808
91809
91810
91811
91812
91813
91814
91815
91816
91817
91818
91819
91820
91821
91822
91823
91824
91826
91827
91828
91829
91830
91831
91832
91833
91834
91835
91836
91837
91838
91839
91840
91841
91842
91843
91844
91845
91846
91901
91907
91911
91918
91923
91925
91952
91967
91972
92602
92608
92619
92623
92632
92840
92848
92849
92892
92910
92987
93111
93112
93113
93114
93115
93122
93124
93125
93126
93127
93128
93132
93133
93134
93135
93139
93871
93880
93882
93900
93990
94101
94110
94111
94112
94113
94114
94116
94124
94127
94130
94131
94134
94139
94140
94142
94143
94144
94145
94146
94208
94211
94216
94219
94223
94225
94226
94227
94300
94307
94309
94310
94311
94312
94313
94315
94318
94320
94405
94505
94506
94509
94510
94515
94601
94605
94606
94607
94609
94614
94615
94616
94618
94619
94621
94622
94623
94624
94625
94627
94628
94631
94634
94638
94639
94640
94641
94643
94644
94645
94647
94650
94651
94652
94653
94654
94657
94664
94665
94668
94673
94674
94678
94679
94681
94682
94685
94686
94687
94688
94690
94692
94694
94701
94704
94707
94803
94810
94837
94839
94844
94853
94856
94857
94858
94860
94861
94862
94863
94864
94873
94874
94875
94902
94909
94914
94915
94919
94924
94925
94932
94933
95025
95139
95140
95142
95144
95145
95146
95147
95148
95149
95150
95152
95153
95155
95156
95157
95210
95234
95236
95238
95239
95243
95248
95249
95250
95251
95253
95258
95259
95260
95261
95262
96001
96002
96003
96004
96005
96101
96102
96103
96108
96109
96110
96112
96113
96114
96115
96116
96118
96119
96122
96125
96130
96131
96132
96200
96201
96202
96203
96204
96205
96206
96207
96208
96209
96211
96212
96213
96214
96219
96221
96224
96226
96229
96230
96232
96233
96234
96235
96236
96239
96240
96241
96242
96300
96301
96302
96303
96304
96305
96306
96307
96308
96309
96312
96313
96314
96317
96318
96320
96325
96330
96333
96334
96339
96340
96342
96344
96345
96346
96347
96348
96349
96350
96351
96353
96355
96356
96357
96401
96402
96404
96405
96406
96408
96409
96410
96420
96430
96445
96447
96448
96449
96450
96460
96461
96462
96463
96466
96467
96468
96469
96470
96471
96472
96475
96476
96500
96501
96502
96503
96504
96505
96506
96507
96508
96510
96511
96512
96513
96514
96515
96520
96521
96522
96523
96524
96525
96526
96559
96560
96800
96803
96808
96815
96829
96831
96836
96839
96840
96841
96842
96843
96844
96846
96847
96848
96849
96850
96852
96853
96854
96855
96856
96857
96858
96859
96860
96861
96862
96863
96864
96865
96866
96867
96868
96869
96870
96871
96872
96873
96874
96875
96876
96877
96878
96879
96882
96883
96884
96886
96887
96888
96890
96892
96893
96896
96897
96898
96899
96910
96911
96912
96920
96999
97300
97301
97303
97305
97309
97310
97312
97313
97322
97323
97334
97335
97338
97339
97340
97341
97342
97343
97344
97346
97348
97349
97350
97351
97352
97354
97356
97357
97362
97363
97364
97365
97367
97368
97600
97601
97602
97603
97604
97605
97607
97608
97609
97615
97620
97636
97639
97645
97647
97649
97654
97655
97656
97657
97658
97707
97708
97709
97711
97715
97716
97718
97729
97753
97755
97756
97757
97760
97761
97762
97763
97808
97812
97817
97822
97834
97844
97849
97850
97851
97861
97862
97863
97864
97865
97866
97867
97868
97870
97872
97873
97874
97875
97878
97879
97883
97884
97885
97886
97887
97902
97903
97908
97910
97914
97915
97916
97918
97919
97922
97923
97924
97930
97939
97947
97950
97951
97960
97961
97963
97964
97965
97966
97969
97970
97971
97972
97973
97974
97975
97976
97977
97978
97980
97981
97985
97990
97998
97999
98105
98121
98405
98406
98407
98408
98409
98412
98413
98415
98416
98418
98422
98424
98425
98426
98427
98430
98431
98435
98437
98445
98447
98448
98449
98450
98453
98454
98457
98460
98463
98465
98471
98475
98476
98478
98481
98482
98483
98484
98486
98487
98499
98529
98541
98612
98804
98805
98806
98813
98816
98824
98825
98827
99100
99101
99102
99103
99105
99110
99111
99112
99113
99115
99116
99118
99119
99121
99122
99124
99125
99127
99130
99133
99136
99137
99138
99139
99141
99143
99144
99145
99146
99147
99149
99150
99151
99153
99157
99159
99160
99162
99163
99167
99176
99177
99178
99180
99182
99183
99190
99726
99727
99728
99729
99730
99731
99732
99733
99734
99736
99737
99738
99739
99740
99741
99743
99745
99746
99747
99804
99809
99811
99812
99813
99818
99820
99822
99827
99828
99837
99842
99843
99851
99856
99859
99862
99866
99867
99872
99874
99876
99877
99878
99880
99881
99882
99883
99884
99886
99887
99888